import numpy as np
INDEX = {"2": 1, "3": 2, "4": 3, "5": 4, "6": 5, "7": 6,"8": 7,
         "9": 8, "10": 9, "11": 10, "12": 11, "13": 12,"14": 13, "15": 14,
         "18": 1, "19": 2, "20": 3, "21": 4, "22": 5,"23": 6, "24": 7,
         "25": 8, "26": 9, "27": 10, "28": 11, "29": 12,"30": 13, "31": 14}
INDEX_MINE={"17": 1, "16": 2, "15": 3, "14": 4, "13": 5, "12": 6,"11": 7,
         "21": 8, "22": 9, "23": 10, "24": 11, "25": 12,"26": 13, "27": 14,
        "37":15,"36": 16, "35": 17, "34": 18, "33": 19,"32": 20, "31": 21,
         "41": 22, "42": 23, "43": 24, "44": 25, "45": 26,"46": 27, "47": 28}

# INDEX = {11: 7,12:6,13: 5,14:4,15:3,16:2,17:1,21:8,22:9,23:10,24:11,25:12,26:13,27:14,31:22
# ,32:23,33:24,34:25,35:26,36:27,37:28,41:21,42:20,43:19,44:18,45:17,46:16,47:15}
ROTAXIS = np.array([[1, 0, 0], [0, 1, 0], [0, 0, 1]])
Angles = [i for i in range(0, 41, 2)]
AgSize = len(Angles)

dim = 3
teeth_nums = 28
sam_points = 1024


VIEW_NUMS = 1

SAVE_MODEL = 400
local_rela=[[28, 2, 27],
            [27, 1, 3, 28, 26],
            [26, 2, 4, 27, 25],
            [25, 3, 5, 26, 24],
            [24, 4, 6, 25, 23],
            [23, 5, 7, 24, 22],
            [22, 6, 23, 8, 21],
            [21, 9, 20, 7, 22],
            [20, 10, 8, 19, 21],
            [19, 11, 9, 18, 20],
            [18, 12, 10, 17, 19],
            [17, 13, 11, 16, 18],
            [16, 14, 12, 15, 17],
            [15, 13, 16],
            [14, 16, 13],
            [13, 15, 17, 14, 12],
            [12, 16, 18, 13, 11],
            [11, 17, 19, 12, 10],
            [10, 18, 20, 11, 9],
            [9, 19, 21, 10, 8],
            [8, 20, 9, 7, 22],
            [7, 23, 6, 8, 21],
            [6, 24, 22, 5, 7],
            [5, 25, 23, 4, 6],
            [4, 26, 24, 3, 5],
            [3, 27, 25, 2, 4],
            [2, 28, 26, 1, 3],
            [1, 27, 2]]
colli_rela=[[28, 2], [27, 1, 3], [26, 2, 4], [25, 3, 5], [24, 4, 6], [23, 5, 7], [22, 6, 8], [21, 9, 7], [20, 10, 8], [19, 11, 9], [18, 12, 10], [17, 13, 11], [16, 14, 12], [15, 13], [14, 16], [13, 15, 17], [12, 16, 18], [11, 17, 19], [10, 18, 20], [9, 19, 21], [8, 20, 22], [7, 23, 21], [6, 24, 22], [5, 25, 23], [4, 26, 24], [3, 27, 25], [2, 28, 26], [1, 27]]